1.00E-05	0.005000014	0
1.00E-05	0.0049846	0.000392297
1.00E-05	0.004938455	0.000782174
1.00E-05	0.004861863	0.00116723
1.00E-05	0.004755296	0.001545089
1.00E-05	0.00461941	0.001913422
1.00E-05	0.004455045	0.002269959
1.00E-05	0.004263213	0.0026125
1.00E-05	0.004045096	0.002938934
1.00E-05	0.00380204	0.003247249
1.00E-05	0.003535544	0.003535544
1.00E-05	0.003247249	0.00380204
1.00E-05	0.002938934	0.004045096
1.00E-05	0.0026125	0.004263213
1.00E-05	0.002269959	0.004455045
1.00E-05	0.001913422	0.00461941
1.00E-05	0.001545089	0.004755296
1.00E-05	0.00116723	0.004861863
1.00E-05	0.000782174	0.004938455
1.00E-05	0.000392297	0.0049846
1.00E-05	3.06E-19	0.005000014
1.00E-05	-0.000392297	0.0049846
1.00E-05	-0.000782174	0.004938455
1.00E-05	-0.00116723	0.004861863
1.00E-05	-0.001545089	0.004755296
1.00E-05	-0.001913422	0.00461941
1.00E-05	-0.002269959	0.004455045
1.00E-05	-0.0026125	0.004263213
1.00E-05	-0.002938934	0.004045096
1.00E-05	-0.003247249	0.00380204
1.00E-05	-0.003535544	0.003535544
1.00E-05	-0.00380204	0.003247249
1.00E-05	-0.004045096	0.002938934
1.00E-05	-0.004263213	0.0026125
1.00E-05	-0.004455045	0.002269959
1.00E-05	-0.00461941	0.001913422
1.00E-05	-0.004755296	0.001545089
1.00E-05	-0.004861863	0.00116723
1.00E-05	-0.004938455	0.000782174
1.00E-05	-0.0049846	0.000392297
1.00E-05	-0.005000014	6.12E-19
1.00E-05	-0.0049846	-0.000392297
1.00E-05	-0.004938455	-0.000782174
1.00E-05	-0.004861863	-0.00116723
1.00E-05	-0.004755296	-0.001545089
1.00E-05	-0.00461941	-0.001913422
1.00E-05	-0.004455045	-0.002269959
1.00E-05	-0.004263213	-0.0026125
1.00E-05	-0.004045096	-0.002938934
1.00E-05	-0.00380204	-0.003247249
1.00E-05	-0.003535544	-0.003535544
1.00E-05	-0.003247249	-0.00380204
1.00E-05	-0.002938934	-0.004045096
1.00E-05	-0.0026125	-0.004263213
1.00E-05	-0.002269959	-0.004455045
1.00E-05	-0.001913422	-0.00461941
1.00E-05	-0.001545089	-0.004755296
1.00E-05	-0.00116723	-0.004861863
1.00E-05	-0.000782174	-0.004938455
1.00E-05	-0.000392297	-0.0049846
1.00E-05	-9.18E-19	-0.005000014
1.00E-05	0.000392297	-0.0049846
1.00E-05	0.000782174	-0.004938455
1.00E-05	0.00116723	-0.004861863
1.00E-05	0.001545089	-0.004755296
1.00E-05	0.001913422	-0.00461941
1.00E-05	0.002269959	-0.004455045
1.00E-05	0.0026125	-0.004263213
1.00E-05	0.002938934	-0.004045096
1.00E-05	0.003247249	-0.00380204
1.00E-05	0.003535544	-0.003535544
1.00E-05	0.00380204	-0.003247249
1.00E-05	0.004045096	-0.002938934
1.00E-05	0.004263213	-0.0026125
1.00E-05	0.004455045	-0.002269959
1.00E-05	0.00461941	-0.001913422
1.00E-05	0.004755296	-0.001545089
1.00E-05	0.004861863	-0.00116723
1.00E-05	0.004938455	-0.000782174
1.00E-05	0.0049846	-0.000392297
1.00E-05	0.005000014	-1.22E-18
0.02	0.028663935	0.015918165
0.02	0.028568609	0.015893974
0.02	0.028293165	0.015833494
0.02	0.027860556	0.015746188
0.02	0.027293368	0.015631002
0.02	0.026609509	0.015478114
0.02	0.025817463	0.015273733
0.02	0.024914969	0.015010677
0.02	0.02390273	0.014692873
0.02	0.022789359	0.014324987
0.02	0.021584377	0.013909055
0.02	0.020297876	0.013447313
0.02	0.018940724	0.012941625
0.02	0.017524371	0.01239377
0.02	0.016061173	0.011804773
0.02	0.014564722	0.011174767
0.02	0.01304486	0.010498604
0.02	0.011506658	0.009775803
0.02	0.009959608	0.009010496
0.02	0.008411007	0.00820337
0.02	0.006866673	0.007358431
0.02	0.00533644	0.006479738
0.02	0.003827563	0.005570538
0.02	0.002347303	0.00463684
0.02	0.000904129	0.003682276
0.02	-0.000495806	0.002711774
0.02	-0.001845022	0.00173172
0.02	-0.003136877	0.000747366
0.02	-0.004365388	-0.000235301
0.02	-0.005523772	-0.00121035
0.02	-0.006606595	-0.002172212
0.02	-0.00760877	-0.00311443
0.02	-0.00852519	-0.004031825
0.02	-0.009352353	-0.004918925
0.02	-0.010086139	-0.00576932
0.02	-0.010723921	-0.006578348
0.02	-0.011264125	-0.007340102
0.02	-0.011703068	-0.008050808
0.02	-0.01204208	-0.008707645
0.02	-0.012284092	-0.009303029
0.02	-0.01242791	-0.009835119
0.02	-0.012481341	-0.010301772
0.02	-0.012449096	-0.01068824
0.02	-0.012335095	-0.010992935
0.02	-0.012160552	-0.011207971
0.02	-0.011918023	-0.011278442
0.02	-0.011567604	-0.011200582
0.02	-0.011100859	-0.01100917
0.02	-0.010528587	-0.010699569
0.02	-0.009847888	-0.010269227
0.02	-0.009053427	-0.009724202
0.02	-0.008145283	-0.009072764
0.02	-0.007126989	-0.008325338
0.02	-0.00600388	-0.007491126
0.02	-0.004782727	-0.006578398
0.02	-0.003470918	-0.005596358
0.02	-0.002076983	-0.004553726
0.02	-0.000610147	-0.003459857
0.02	0.000919401	-0.002323625
0.02	0.002500928	-0.001153969
0.02	0.004122409	4.04E-05
0.02	0.005771634	0.001253803
0.02	0.007437992	0.002481546
0.02	0.009116789	0.003716882
0.02	0.010804484	0.004950382
0.02	0.012493777	0.006165209
0.02	0.014170653	0.007345278
0.02	0.015819541	0.008480347
0.02	0.017427393	0.009560894
0.02	0.018980872	0.010577384
0.02	0.02046654	0.011521156
0.02	0.021870732	0.012384336
0.02	0.02317971	0.013160236
0.02	0.02438004	0.013843308
0.02	0.025458394	0.014429539
0.02	0.026402038	0.014916249
0.02	0.027199302	0.015301632
0.02	0.027835003	0.015585035
0.02	0.028293928	0.015774591
0.02	0.028570843	0.015883527
0.02	0.028663894	0.015918138
0.032642857	0.02965682	0.0113053
0.032642857	0.02956215	0.011295246
0.032642857	0.029289901	0.011275225
0.032642857	0.028863366	0.01125114
0.032642857	0.028304043	0.011218874
0.032642857	0.027627737	0.011166549
0.032642857	0.02684068	0.011079781
0.032642857	0.025939715	0.010952001
0.032642857	0.024926058	0.010786875
0.032642857	0.023808602	0.010587688
0.032642857	0.022596752	0.01035508
0.032642857	0.021300485	0.010089803
0.032642857	0.019930471	0.009792147
0.032642857	0.018497925	0.00946224
0.032642857	0.01701483	0.009099362
0.032642857	0.015494225	0.00870177
0.032642857	0.013944833	0.008263175
0.032642857	0.012371446	0.007782418
0.032642857	0.010783728	0.007262152
0.032642857	0.009188766	0.00670203
0.032642857	0.007592685	0.006105088
0.032642857	0.006005467	0.005473863
0.032642857	0.004434511	0.004810467
0.032642857	0.002887602	0.004119656
0.032642857	0.001373355	0.003403746
0.032642857	-0.000101657	0.00266661
0.032642857	-0.001529387	0.001913339
0.032642857	-0.002902747	0.001148048
0.032642857	-0.004215182	0.000375652
0.032642857	-0.005459373	-0.000399102
0.032642857	-0.006629348	-0.001171625
0.032642857	-0.007719344	-0.001936431
0.032642857	-0.008723754	-0.00268926
0.032642857	-0.009638469	-0.003425352
0.032642857	-0.010458659	-0.004139133
0.032642857	-0.011181165	-0.004826497
0.032642857	-0.011803664	-0.005482
0.032642857	-0.01232211	-0.006102536
0.032642857	-0.012737386	-0.006685214
0.032642857	-0.013051259	-0.007222369
0.032642857	-0.013262329	-0.007712398
0.032642857	-0.013377782	-0.008152172
0.032642857	-0.013400103	-0.008526914
0.032642857	-0.013332827	-0.008834561
0.032642857	-0.013195195	-0.009064637
0.032642857	-0.012972515	-0.009165556
0.032642857	-0.012626033	-0.009139205
0.032642857	-0.012152455	-0.009020071
0.032642857	-0.01156149	-0.008802222
0.032642857	-0.010850007	-0.008483613
0.032642857	-0.01001373	-0.008070783
0.032642857	-0.009053872	-0.007571646
0.032642857	-0.007975254	-0.006995703
0.032642857	-0.006784255	-0.006351039
0.032642857	-0.005488502	-0.005644642
0.032642857	-0.004096341	-0.004884316
0.032642857	-0.002617145	-0.004077242
0.032642857	-0.001061043	-0.003231112
0.032642857	0.000560981	-0.002353027
0.032642857	0.002237412	-0.001450073
0.032642857	0.003955534	-0.000528903
0.032642857	0.00570285	0.000406607
0.032642857	0.007468562	0.001353536
0.032642857	0.009247239	0.002306029
0.032642857	0.011034188	0.003255537
0.032642857	0.012820098	0.004186933
0.032642857	0.014589323	0.005086734
0.032642857	0.016325535	0.005947272
0.032642857	0.018014919	0.006761219
0.032642857	0.019643385	0.007521276
0.032642857	0.021196863	0.008220994
0.032642857	0.022661177	0.008854711
0.032642857	0.02402224	0.009417909
0.032642857	0.025266417	0.009907123
0.032642857	0.026380387	0.010320344
0.032642857	0.027351576	0.010656756
0.032642857	0.028168557	0.010916235
0.032642857	0.028816691	0.011100248
0.032642857	0.029282521	0.011218681
0.032642857	0.029562852	0.011284929
0.032642857	0.029656777	0.01130528
0.045285714	0.026974263	0.007242878
0.045285714	0.026890486	0.00724255
0.045285714	0.026650358	0.007249387
0.045285714	0.026274801	0.007266476
0.045285714	0.025782265	0.007288285
0.045285714	0.025185523	0.007303004
0.045285714	0.024488744	0.007297482
0.045285714	0.023688576	0.007266251
0.045285714	0.022786411	0.007212412
0.045285714	0.021790329	0.007138044
0.045285714	0.020708621	0.007042866
0.045285714	0.019550088	0.006926643
0.045285714	0.018324096	0.006788675
0.045285714	0.017040477	0.006628069
0.045285714	0.015709654	0.006443124
0.045285714	0.014342887	0.006231146
0.045285714	0.012947249	0.005985849
0.045285714	0.011526832	0.00570579
0.045285714	0.010090334	0.005392425
0.045285714	0.008643926	0.005044817
0.045285714	0.007193245	0.004665077
0.045285714	0.005747253	0.004254531
0.045285714	0.00431262	0.003814366
0.045285714	0.002896584	0.003348049
0.045285714	0.001506895	0.002856836
0.045285714	0.000149654	0.002343531
0.045285714	-0.001167639	0.001811868
0.045285714	-0.002438411	0.001264818
0.045285714	-0.003656481	0.000706094
0.045285714	-0.004815022	0.000139199
0.045285714	-0.005908391	-0.000432385
0.045285714	-0.006931053	-0.00100437
0.045285714	-0.007877719	-0.001573531
0.045285714	-0.008744365	-0.002136067
0.045285714	-0.009526265	-0.00268753
0.045285714	-0.010220284	-0.003224609
0.045285714	-0.010823903	-0.003742746
0.045285714	-0.011333301	-0.004239584
0.045285714	-0.011748993	-0.004712514
0.045285714	-0.01207184	-0.005154665
0.045285714	-0.012300472	-0.005564762
0.045285714	-0.012440901	-0.005939422
0.045285714	-0.012493978	-0.006265485
0.045285714	-0.012462616	-0.00654083
0.045285714	-0.012362719	-0.006754563
0.045285714	-0.01217681	-0.006862839
0.045285714	-0.011871131	-0.006870779
0.045285714	-0.011445884	-0.006808867
0.045285714	-0.010909039	-0.006671044
0.045285714	-0.010257671	-0.006455798
0.045285714	-0.009488622	-0.006169237
0.045285714	-0.008603662	-0.005818179
0.045285714	-0.007607863	-0.005410511
0.045285714	-0.006507531	-0.00495274
0.045285714	-0.00530997	-0.004450302
0.045285714	-0.004023184	-0.00390928
0.045285714	-0.002656021	-0.003335123
0.045285714	-0.001218037	-0.002733658
0.045285714	0.000280517	-0.002110118
0.045285714	0.001828926	-0.001469675
0.045285714	0.003415463	-0.000817017
0.045285714	0.00502884	-0.000154419
0.045285714	0.006659344	0.00051653
0.045285714	0.008301696	0.00119119
0.045285714	0.009951023	0.001862495
0.045285714	0.011597818	0.002518039
0.045285714	0.013227181	0.003147416
0.045285714	0.014824128	0.003745375
0.045285714	0.016375911	0.004306739
0.045285714	0.017869542	0.004826377
0.045285714	0.019292126	0.005299904
0.045285714	0.020630745	0.00572363
0.045285714	0.021872665	0.006094864
0.045285714	0.023005639	0.006411789
0.045285714	0.024017823	0.006673841
0.045285714	0.02489814	0.00688143
0.045285714	0.025636572	0.007035471
0.045285714	0.026220436	0.007138557
0.045285714	0.026638837	0.007200547
0.045285714	0.026890177	0.007233455
0.045285714	0.026974223	0.007242864
0.057928571	0.023731294	0.004562837
0.057928571	0.023658976	0.004567795
0.057928571	0.02345218	0.004588719
0.057928571	0.023129151	0.004626962
0.057928571	0.022705469	0.004676598
0.057928571	0.022191416	0.004726633
0.057928571	0.021589766	0.004765461
0.057928571	0.020897286	0.004788571
0.057928571	0.02011537	0.004798551
0.057928571	0.019251123	0.004796692
0.057928571	0.018311679	0.00478223
0.057928571	0.017304621	0.004754414
0.057928571	0.016237987	0.004712053
0.057928571	0.015120205	0.004653761
0.057928571	0.013960166	0.004577419
0.057928571	0.012767416	0.004479996
0.057928571	0.011547666	0.004355626
0.057928571	0.010304358	0.004202807
0.057928571	0.009045089	0.004022252
0.057928571	0.007775126	0.003812767
0.057928571	0.006499464	0.00357582
0.057928571	0.005225922	0.003311994
0.057928571	0.003960329	0.003021897
0.057928571	0.002709149	0.002708068
0.057928571	0.001479148	0.002371107
0.057928571	0.000275767	0.002013049
0.057928571	-0.000894289	0.001636651
0.057928571	-0.00202516	0.001244063
0.057928571	-0.003111282	0.000838104
0.057928571	-0.004146542	0.000421369
0.057928571	-0.005125854	-3.49E-06
0.057928571	-0.006044173	-0.000433119
0.057928571	-0.006896732	-0.000865065
0.057928571	-0.007679821	-0.0012963
0.057928571	-0.008389084	-0.001723281
0.057928571	-0.009021607	-0.002143348
0.057928571	-0.009574933	-0.002552724
0.057928571	-0.010045615	-0.002949614
0.057928571	-0.010433936	-0.003331734
0.057928571	-0.010740207	-0.003693102
0.057928571	-0.010963168	-0.004032702
0.057928571	-0.011107796	-0.004347239
0.057928571	-0.011173999	-0.004625303
0.057928571	-0.011164161	-0.004864881
0.057928571	-0.011091324	-0.005055578
0.057928571	-0.010937663	-0.005160648
0.057928571	-0.010674366	-0.005186625
0.057928571	-0.010303514	-0.005159802
0.057928571	-0.009831607	-0.00507445
0.057928571	-0.009256025	-0.004929449
0.057928571	-0.008574426	-0.004730268
0.057928571	-0.007788763	-0.004482679
0.057928571	-0.006903906	-0.004193172
0.057928571	-0.005925706	-0.003866966
0.057928571	-0.004860805	-0.003508298
0.057928571	-0.003716491	-0.003121914
0.057928571	-0.00250074	-0.002711963
0.057928571	-0.001222164	-0.002282878
0.057928571	0.000110064	-0.001838532
0.057928571	0.001486372	-0.001382719
0.057928571	0.002896349	-0.000918749
0.057928571	0.00433011	-0.00044788
0.057928571	0.005779174	2.91E-05
0.057928571	0.007238694	0.000508588
0.057928571	0.008704023	0.000984722
0.057928571	0.010166182	0.001447411
0.057928571	0.011611659	0.001888611
0.057928571	0.013027198	0.002304726
0.057928571	0.014401471	0.002692085
0.057928571	0.015722949	0.003047074
0.057928571	0.016980231	0.003366715
0.057928571	0.018161938	0.003648633
0.057928571	0.019256911	0.0038913
0.057928571	0.020254469	0.004093917
0.057928571	0.021144355	0.004256736
0.057928571	0.021917035	0.004380805
0.057928571	0.022563923	0.00446754
0.057928571	0.023074233	0.004519972
0.057928571	0.023439182	0.004547292
0.057928571	0.023658141	0.004559966
0.057928571	0.023731259	0.004562828
0.070571429	0.020805642	0.002874272
0.070571429	0.020743103	0.002881885
0.070571429	0.020564577	0.002909507
0.070571429	0.020285965	0.00295748
0.070571429	0.019920513	0.003019947
0.070571429	0.019476646	0.003086896
0.070571429	0.018956239	0.003148126
0.070571429	0.01835628	0.00319987
0.070571429	0.017678096	0.003244312
0.070571429	0.016927914	0.003282244
0.070571429	0.016111891	0.00331268
0.070571429	0.015236573	0.003334619
0.070571429	0.014308882	0.00334666
0.070571429	0.01333607	0.003347216
0.070571429	0.012325755	0.003334038
0.070571429	0.011286087	0.003304061
0.070571429	0.010221751	0.003251931
0.070571429	0.009135667	0.003176189
0.070571429	0.008034461	0.003077104
0.070571429	0.006922649	0.002953399
0.070571429	0.005804635	0.002806119
0.070571429	0.004687231	0.002635415
0.070571429	0.003575524	0.002441546
0.070571429	0.00247524	0.002226419
0.070571429	0.001392279	0.001990246
0.070571429	0.000331457	0.001734546
0.070571429	-0.00070128	0.001461403
0.070571429	-0.00170075	0.001172414
0.070571429	-0.002661992	0.000869774
0.070571429	-0.003579584	0.000555453
0.070571429	-0.004448989	0.000231521
0.070571429	-0.005265674	-9.93E-05
0.070571429	-0.006025392	-0.000435224
0.070571429	-0.006724784	-0.000773668
0.070571429	-0.007359904	-0.001111799
0.070571429	-0.007928105	-0.00144744
0.070571429	-0.00842708	-0.001777426
0.070571429	-0.008853755	-0.002100357
0.070571429	-0.009208272	-0.002414238
0.070571429	-0.009490626	-0.002713862
0.070571429	-0.009699678	-0.002998405
0.070571429	-0.009839595	-0.00326478
0.070571429	-0.009909779	-0.003503088
0.070571429	-0.009912202	-0.003711473
0.070571429	-0.009857712	-0.003880315
0.070571429	-0.009729154	-0.003978539
0.070571429	-0.009501822	-0.004013132
0.070571429	-0.009178725	-0.004006821
0.070571429	-0.008765242	-0.003954337
0.070571429	-0.008259048	-0.003854826
0.070571429	-0.007658361	-0.003713141
0.070571429	-0.006965139	-0.003534204
0.070571429	-0.006183908	-0.003323425
0.070571429	-0.005319982	-0.003085066
0.070571429	-0.004379321	-0.002822498
0.070571429	-0.003368468	-0.00253951
0.070571429	-0.002294536	-0.002239336
0.070571429	-0.001165201	-0.00192543
0.070571429	1.14E-05	-0.001600734
0.070571429	0.001226781	-0.001268103
0.070571429	0.002471758	-0.000929932
0.070571429	0.003737693	-0.000586863
0.070571429	0.005017191	-0.000239168
0.070571429	0.006305876	0.000110183
0.070571429	0.007599451	0.000456378
0.070571429	0.008889659	0.00079105
0.070571429	0.010164406	0.001107833
0.070571429	0.01141202	0.001404214
0.070571429	0.012622503	0.001677526
0.070571429	0.013785684	0.00192516
0.070571429	0.01489153	0.002145052
0.070571429	0.015930056	0.002335661
0.070571429	0.016891509	0.002496172
0.070571429	0.01776658	0.002626381
0.070571429	0.01854638	0.002726975
0.070571429	0.019222682	0.0027993
0.070571429	0.019788097	0.002844979
0.070571429	0.020233404	0.002867135
0.070571429	0.0205514	0.002874147
0.070571429	0.020742019	0.002875127
0.070571429	0.020805611	0.002874266
0.083214286	0.018345599	0.001799228
0.083214286	0.018291018	0.001808072
0.083214286	0.018135414	0.001838487
0.083214286	0.017892743	0.001890218
0.083214286	0.017574419	0.001957672
0.083214286	0.017187482	0.002031775
0.083214286	0.016733223	0.002103517
0.083214286	0.016208871	0.002169698
0.083214286	0.015615665	0.002232187
0.083214286	0.014959092	0.002291465
0.083214286	0.014244519	0.002346452
0.083214286	0.013477652	0.002396043
0.083214286	0.012664512	0.00243877
0.083214286	0.011811404	0.002472989
0.083214286	0.010924931	0.002496464
0.083214286	0.010012132	0.002506225
0.083214286	0.009076934	0.002497414
0.083214286	0.008121844	0.00246865
0.083214286	0.007152683	0.002419939
0.083214286	0.006173367	0.002350005
0.083214286	0.005187795	0.002259612
0.083214286	0.004201945	0.002148654
0.083214286	0.003220288	0.002017184
0.083214286	0.002247912	0.001866677
0.083214286	0.001289999	0.001697111
0.083214286	0.000350823	0.001509653
0.083214286	-0.000564329	0.001305924
0.083214286	-0.001450855	0.001087145
0.083214286	-0.00230433	0.000855069
0.083214286	-0.00311993	0.000611236
0.083214286	-0.003893604	0.000357304
0.083214286	-0.004621286	9.55E-05
0.083214286	-0.005299183	-0.000172752
0.083214286	-0.005924264	-0.000445306
0.083214286	-0.00649297	-0.000719815
0.083214286	-0.007002904	-0.00099446
0.083214286	-0.007451932	-0.001266546
0.083214286	-0.007837311	-0.001534952
0.083214286	-0.008159095	-0.001797924
0.083214286	-0.008417101	-0.002050895
0.083214286	-0.0086103	-0.002293182
0.083214286	-0.00874224	-0.002521933
0.083214286	-0.008812052	-0.002728489
0.083214286	-0.008821403	-0.002911152
0.083214286	-0.008779471	-0.003061111
0.083214286	-0.008670136	-0.003151708
0.083214286	-0.008471971	-0.003189928
0.083214286	-0.008188406	-0.003195597
0.083214286	-0.007823973	-0.003163907
0.083214286	-0.007376606	-0.003094191
0.083214286	-0.006844908	-0.002990766
0.083214286	-0.006230769	-0.002857881
0.083214286	-0.005538343	-0.002700122
0.083214286	-0.004772441	-0.002521044
0.083214286	-0.003938404	-0.002323397
0.083214286	-0.003042104	-0.002110276
0.083214286	-0.002089888	-0.00188427
0.083214286	-0.00108861	-0.001648143
0.083214286	-4.55E-05	-0.001404192
0.083214286	0.00103188	-0.001154627
0.083214286	0.002135414	-0.00090123
0.083214286	0.003257498	-0.000644264
0.083214286	0.004391635	-0.000383712
0.083214286	0.005533888	-0.000122026
0.083214286	0.00668032	0.000136723
0.083214286	0.007823399	0.000385483
0.083214286	0.008952298	0.000619092
0.083214286	0.010056696	0.000835749
0.083214286	0.011127731	0.001033463
0.083214286	0.012156393	0.001210298
0.083214286	0.013133812	0.001364791
0.083214286	0.014051178	0.00149594
0.083214286	0.01489991	0.001603365
0.083214286	0.015671836	0.001687212
0.083214286	0.016359186	0.001748391
0.083214286	0.01695479	0.001788368
0.083214286	0.017452226	0.001808821
0.083214286	0.017843516	0.00181281
0.083214286	0.018122633	0.001807933
0.083214286	0.018289834	0.001802184
0.083214286	0.018345572	0.001799223
0.095857143	0.016303242	0.001097985
0.095857143	0.016255121	0.001107298
0.095857143	0.016118076	0.001138454
0.095857143	0.015904463	0.001190853
0.095857143	0.015624245	0.001259227
0.095857143	0.015283415	0.001335349
0.095857143	0.014882873	0.001411199
0.095857143	0.014420076	0.001484019
0.095857143	0.013896173	0.001555429
0.095857143	0.01331604	0.001625708
0.095857143	0.0126844	0.001693753
0.095857143	0.012006281	0.001758432
0.095857143	0.011286978	0.001818281
0.095857143	0.010532032	0.001871673
0.095857143	0.009747233	0.001916448
0.095857143	0.008938739	0.001949783
0.095857143	0.008109895	0.00196727
0.095857143	0.007262888	0.001967615
0.095857143	0.006402874	0.001950667
0.095857143	0.005533288	0.00191519
0.095857143	0.004657606	0.001861756
0.095857143	0.003781122	0.001790108
0.095857143	0.002907798	0.001700172
0.095857143	0.002042182	0.001593118
0.095857143	0.001188865	0.001468787
0.095857143	0.000351666	0.001328095
0.095857143	-0.000464688	0.001172338
0.095857143	-0.001256085	0.001002473
0.095857143	-0.002018558	0.000819931
0.095857143	-0.002747791	0.000625948
0.095857143	-0.003440151	0.000421883
0.095857143	-0.004091973	0.000209569
0.095857143	-0.004699858	-9.74E-06
0.095857143	-0.005261064	-0.000234325
0.095857143	-0.005772374	-0.000462164
0.095857143	-0.006231614	-0.000691714
0.095857143	-0.006636821	-0.000920644
0.095857143	-0.006985534	-0.001148035
0.095857143	-0.007277753	-0.00137233
0.095857143	-0.007513194	-0.00158949
0.095857143	-0.007690924	-0.001798936
0.095857143	-0.007814013	-0.001998046
0.095857143	-0.007881454	-0.00217917
0.095857143	-0.00789468	-0.002340761
0.095857143	-0.007861583	-0.002474761
0.095857143	-0.007767159	-0.00255799
0.095857143	-0.007592615	-0.002597213
0.095857143	-0.007341524	-0.002609905
0.095857143	-0.007017772	-0.002591683
0.095857143	-0.00661951	-0.002542012
0.095857143	-0.006145617	-0.002464756
0.095857143	-0.005597883	-0.002363627
0.095857143	-0.004980113	-0.002242576
0.095857143	-0.004296665	-0.002104624
0.095857143	-0.003552346	-0.001952061
0.095857143	-0.002752441	-0.001787472
0.095857143	-0.001902646	-0.00161298
0.095857143	-0.001009106	-0.001430847
0.095857143	-7.83E-05	-0.001242912
0.095857143	0.000883039	-0.001050931
0.095857143	0.001867646	-0.000856262
0.095857143	0.002868786	-0.000658932
0.095857143	0.003880702	-0.000458751
0.095857143	0.004899839	-0.000257784
0.095857143	0.005922599	-5.95E-05
0.095857143	0.006942119	0.000129957
0.095857143	0.007948665	0.000306408
0.095857143	0.008933044	0.000468502
0.095857143	0.009887351	0.000614713
0.095857143	0.010803549	0.000743572
0.095857143	0.011673741	0.000854022
0.095857143	0.012490094	0.000945411
0.095857143	0.013244993	0.001017638
0.095857143	0.013931203	0.00107105
0.095857143	0.014541864	0.001106667
0.095857143	0.015070663	0.001125978
0.095857143	0.015511955	0.001130647
0.095857143	0.015858753	0.001123599
0.095857143	0.016105924	0.001111729
0.095857143	0.016253912	0.001102112
0.095857143	0.016303218	0.001097982
0.1085	0.014591348	0.000628972
0.1085	0.014548551	0.000638333
0.1085	0.014426768	0.000669132
0.1085	0.014237027	0.000720566
0.1085	0.013988118	0.000787714
0.1085	0.013685216	0.000863093
0.1085	0.013328954	0.00093952
0.1085	0.012916997	0.001014583
0.1085	0.012450411	0.001089706
0.1085	0.011933555	0.001165033
0.1085	0.011370628	0.001239477
0.1085	0.010766097	0.001311917
0.1085	0.010124662	0.00138093
0.1085	0.009451239	0.001444943
0.1085	0.008750955	0.001501902
0.1085	0.008029252	0.001549151
0.1085	0.007289023	0.001582678
0.1085	0.006532193	0.00160128
0.1085	0.005763368	0.001604711
0.1085	0.004985591	0.001591793
0.1085	0.004201978	0.00156296
0.1085	0.003417255	0.001517871
0.1085	0.002634961	0.001456372
0.1085	0.001859185	0.00137941
0.1085	0.001094024	0.001286745
0.1085	0.000342913	0.001179114
0.1085	-0.000389897	0.00105757
0.1085	-0.001100713	0.000922881
0.1085	-0.001785958	0.00077624
0.1085	-0.002441748	0.000618659
0.1085	-0.003064807	0.000451272
0.1085	-0.003651824	0.000275639
0.1085	-0.004199731	9.28E-05
0.1085	-0.004706043	-9.57E-05
0.1085	-0.005167841	-0.000288289
0.1085	-0.005583149	-0.000483483
0.1085	-0.005950163	-0.00067929
0.1085	-0.006266664	-0.000874941
0.1085	-0.006532619	-0.001069047
0.1085	-0.006747685	-0.001258003
0.1085	-0.006911019	-0.001441313
0.1085	-0.007025304	-0.001616568
0.1085	-0.007089477	-0.001776954
0.1085	-0.007104785	-0.001921056
0.1085	-0.007078106	-0.002041506
0.1085	-0.006995532	-0.002117913
0.1085	-0.006840417	-0.002156731
0.1085	-0.006616331	-0.002173495
0.1085	-0.006326651	-0.002164206
0.1085	-0.005969714	-0.002128424
0.1085	-0.005544602	-0.002069628
0.1085	-0.005052995	-0.001991095
0.1085	-0.004498377	-0.001896274
0.1085	-0.003884707	-0.001787769
0.1085	-0.003216332	-0.001667524
0.1085	-0.002498028	-0.001537734
0.1085	-0.001734932	-0.001400172
0.1085	-0.000932583	-0.001256727
0.1085	-9.68E-05	-0.001108903
0.1085	0.000766334	-0.000958123
0.1085	0.001650327	-0.000805444
0.1085	0.002549149	-0.000650745
0.1085	0.003457663	-0.00049373
0.1085	0.004372645	-0.00033617
0.1085	0.005290806	-0.000181114
0.1085	0.006205882	-3.38E-05
0.1085	0.007109085	0.00010211
0.1085	0.00799217	0.000225687
0.1085	0.008848041	0.000335721
0.1085	0.009669486	0.000431074
0.1085	0.010449424	0.00051097
0.1085	0.011180844	0.000574999
0.1085	0.011856938	0.000623232
0.1085	0.012471249	0.000656137
0.1085	0.01301767	0.000674772
0.1085	0.013490591	0.000680607
0.1085	0.013885005	0.000675248
0.1085	0.014194732	0.000661459
0.1085	0.014415333	0.000645515
0.1085	0.014547359	0.000633726
0.1085	0.014591326	0.00062897
0.121142857	0.013123107	0.000308719
0.121142857	0.013084814	0.000317882
0.121142857	0.012975919	0.0003477
0.121142857	0.012806319	0.000397255
0.121142857	0.012583824	0.00046197
0.121142857	0.012312956	0.000535032
0.121142857	0.011994156	0.000609973
0.121142857	0.011625283	0.000684667
0.121142857	0.011207321	0.000760376
0.121142857	0.010744189	0.000837152
0.121142857	0.010239641	0.000913943
0.121142857	0.009697672	0.000989666
0.121142857	0.00912248	0.001062957
0.121142857	0.008518455	0.001132318
0.121142857	0.007890168	0.001195812
0.121142857	0.007242463	0.001250957
0.121142857	0.006577869	0.001294096
0.121142857	0.005898095	0.001324116
0.121142857	0.005207276	0.001340714
0.121142857	0.004508124	0.001342777
0.121142857	0.003803448	0.001330642
0.121142857	0.003097489	0.001303918
0.121142857	0.002393424	0.001262405
0.121142857	0.001694944	0.001206882
0.121142857	0.001005729	0.001137062
0.121142857	0.000328874	0.001053545
0.121142857	-0.000331779	0.000957205
0.121142857	-0.000972898	0.000848666
0.121142857	-0.001591249	0.000728937
0.121142857	-0.002183324	0.000598859
0.121142857	-0.002746159	0.000459395
0.121142857	-0.00327675	0.000311886
0.121142857	-0.003772324	0.000157219
0.121142857	-0.004230619	-3.32E-06
0.121142857	-0.004648984	-0.000168222
0.121142857	-0.005025618	-0.000336326
0.121142857	-0.005358866	-0.00050583
0.121142857	-0.005646718	-0.000676082
0.121142857	-0.005889122	-0.000845834
0.121142857	-0.006085706	-0.001011853
0.121142857	-0.006235703	-0.001173708
0.121142857	-0.006341482	-0.001329187
0.121142857	-0.006401969	-0.001472184
0.121142857	-0.006418258	-0.001601408
0.121142857	-0.006396401	-0.001710115
0.121142857	-0.006323542	-0.001780228
0.121142857	-0.006184835	-0.001817836
0.121142857	-0.005983761	-0.00183684
0.121142857	-0.005723287	-0.001833584
0.121142857	-0.005401908	-0.001807705
0.121142857	-0.005018861	-0.001762342
0.121142857	-0.004575713	-0.001700412
0.121142857	-0.004075656	-0.001624954
0.121142857	-0.003522294	-0.001538236
0.121142857	-0.002919566	-0.001441931
0.121142857	-0.002271804	-0.001337925
0.121142857	-0.001583654	-0.001227723
0.121142857	-0.000860127	-0.001112925
0.121142857	-0.000106486	-0.000994779
0.121142857	0.0006718	-0.000874458
0.121142857	0.001468856	-0.000752797
0.121142857	0.002279273	-0.00062958
0.121142857	0.00309844	-0.000504454
0.121142857	0.003923429	-0.000378951
0.121142857	0.004751231	-0.000255755
0.121142857	0.005576125	-0.000139475
0.121142857	0.006390148	-3.32E-05
0.121142857	0.007185877	6.23E-05
0.121142857	0.007956912	0.000146154
0.121142857	0.008696754	0.0002174
0.121142857	0.009399025	0.000275487
0.121142857	0.010057417	0.000320167
0.121142857	0.010665816	0.000351626
0.121142857	0.011218426	0.000370397
0.121142857	0.011709776	0.000377538
0.121142857	0.012134854	0.000374468
0.121142857	0.012489188	0.000362719
0.121142857	0.012767272	0.000344884
0.121142857	0.012965228	0.000326678
0.121142857	0.013083661	0.000313763
0.121142857	0.013123088	0.000308717
0.133785714	0.01181666	8.74E-05
0.133785714	0.011782325	9.62E-05
0.133785714	0.011684741	0.000124621
0.133785714	0.011532802	0.000171687
0.133785714	0.011333474	0.000233167
0.133785714	0.011090724	0.000302862
0.133785714	0.010804858	0.000374944
0.133785714	0.010473918	0.000447531
0.133785714	0.010098807	0.000521744
0.133785714	0.009683053	0.000597572
0.133785714	0.009230022	0.000674017
0.133785714	0.008743291	0.000750041
0.133785714	0.008226622	0.000824361
0.133785714	0.007683943	0.00089556
0.133785714	0.00711934	0.000961831
0.133785714	0.006537137	0.001020868
0.133785714	0.005939559	0.001069345
0.133785714	0.005328127	0.001106233
0.133785714	0.004706557	0.0011312
0.133785714	0.004077277	0.001143206
0.133785714	0.003442818	0.001142511
0.133785714	0.002806993	0.001128703
0.133785714	0.002172658	0.001101557
0.133785714	0.001543147	0.001061719
0.133785714	0.000921766	0.001008877
0.133785714	0.000311314	0.000943528
0.133785714	-0.000284742	0.000866401
0.133785714	-0.000863393	0.00077801
0.133785714	-0.001421712	0.000679218
0.133785714	-0.001956529	0.000570728
0.133785714	-0.002465165	0.000453364
0.133785714	-0.002944894	0.000328293
0.133785714	-0.003393207	0.000196269
0.133785714	-0.003808051	5.84E-05
0.133785714	-0.004187017	-8.39E-05
0.133785714	-0.004528468	-0.000229782
0.133785714	-0.004830886	-0.000377516
0.133785714	-0.005092455	-0.000526583
0.133785714	-0.005313108	-0.000675859
0.133785714	-0.005492464	-0.00082244
0.133785714	-0.005629826	-0.00096595
0.133785714	-0.005727295	-0.001104361
0.133785714	-0.005783816	-0.001232196
0.133785714	-0.005800353	-0.001348274
0.133785714	-0.005782257	-0.00144644
0.133785714	-0.005717694	-0.001510606
0.133785714	-0.005593389	-0.001546471
0.133785714	-0.005412677	-0.001566495
0.133785714	-0.005178176	-0.001567345
0.133785714	-0.004888525	-0.001548716
0.133785714	-0.004543084	-0.001513444
0.133785714	-0.004143305	-0.001464133
0.133785714	-0.003692106	-0.001403471
0.133785714	-0.003192763	-0.001333448
0.133785714	-0.002648847	-0.001255512
0.133785714	-0.002064283	-0.001171298
0.133785714	-0.001443276	-0.001082093
0.133785714	-0.000790359	-0.000989265
0.133785714	-0.000110288	-0.00089386
0.133785714	0.000591998	-0.000796855
0.133785714	0.001311198	-0.000698917
0.133785714	0.002042447	-0.000599772
0.133785714	0.0027816	-0.000499036
0.133785714	0.003525999	-0.000398045
0.133785714	0.004272896	-0.000299171
0.133785714	0.005017075	-0.00020648
0.133785714	0.005751325	-0.000122642
0.133785714	0.006468951	-4.82E-05
0.133785714	0.007164181	1.61E-05
0.133785714	0.00783115	6.94E-05
0.133785714	0.008464112	0.00011154
0.133785714	0.009057383	0.0001422
0.133785714	0.009605462	0.000161686
0.133785714	0.010103142	0.00017056
0.133785714	0.010545513	0.000169856
0.133785714	0.010928083	0.000160922
0.133785714	0.01124685	0.000145204
0.133785714	0.011496896	0.000125114
0.133785714	0.011674813	0.000105854
0.133785714	0.011781228	9.25E-05
0.133785714	0.011816643	8.74E-05
0.146428571	0.010587887	-6.47E-05
0.146428571	0.010557232	-5.64E-05
0.146428571	0.010470148	-2.97E-05
0.146428571	0.010334592	1.43E-05
0.146428571	0.010156752	7.18E-05
0.146428571	0.009940111	0.00013714
0.146428571	0.009684868	0.000205179
0.146428571	0.00938925	0.000274216
0.146428571	0.009054076	0.000345244
0.146428571	0.008682511	0.000418211
0.146428571	0.008277554	0.000492181
0.146428571	0.0078424	0.000566183
0.146428571	0.007380403	0.000639019
0.146428571	0.006895065	0.000709375
0.146428571	0.006390026	0.000775581
0.146428571	0.005869131	0.000835519
0.146428571	0.005334333	0.000886181
0.146428571	0.004786983	0.000926628
0.146428571	0.004230405	0.000956518
0.146428571	0.003666763	0.000974889
0.146428571	0.003098328	0.000981944
0.146428571	0.00252851	0.000977267
0.146428571	0.001959865	0.000960621
0.146428571	0.001395389	0.000932547
0.146428571	0.00083804	0.000892724
0.146428571	0.00029033	0.000841563
0.146428571	-0.000244623	0.000779675
0.146428571	-0.00076412	0.000707486
0.146428571	-0.001265527	0.000625731
0.146428571	-0.001745995	0.000535003
0.146428571	-0.002203114	0.000436009
0.146428571	-0.002634428	0.00032976
0.146428571	-0.00303768	0.000216901
0.146428571	-0.003411018	9.84E-05
0.146428571	-0.003752265	-2.45E-05
0.146428571	-0.004059943	-0.000151071
0.146428571	-0.004332675	-0.00027977
0.146428571	-0.004568824	-0.000410158
0.146428571	-0.004768319	-0.000541228
0.146428571	-0.004930782	-0.000670383
0.146428571	-0.005055585	-0.000797295
0.146428571	-0.005144585	-0.000920121
0.146428571	-0.005196769	-0.001033968
0.146428571	-0.00521299	-0.001137765
0.146428571	-0.005197965	-0.001225933
0.146428571	-0.005140898	-0.001284202
0.146428571	-0.005029964	-0.001317839
0.146428571	-0.004868303	-0.001337965
0.146428571	-0.004658217	-0.001341565
0.146428571	-0.004398487	-0.001328379
0.146428571	-0.004088571	-0.001300958
0.146428571	-0.003729803	-0.001261617
0.146428571	-0.003324829	-0.001212728
0.146428571	-0.002876609	-0.001156035
0.146428571	-0.002388358	-0.001092791
0.146428571	-0.001863614	-0.001024415
0.146428571	-0.001306159	-0.000952009
0.146428571	-0.000720072	-0.000876742
0.146428571	-0.000109626	-0.000799496
0.146428571	0.000520743	-0.000721085
0.146428571	0.001166277	-0.000642042
0.146428571	0.00182262	-0.000562065
0.146428571	0.002486064	-0.000480757
0.146428571	0.003154211	-0.000399283
0.146428571	0.00382457	-0.000319738
0.146428571	0.00449242	-0.000245699
0.146428571	0.005151266	-0.000179471
0.146428571	0.005795105	-0.000121469
0.146428571	0.006418756	-7.23E-05
0.146428571	0.007016956	-3.25E-05
0.146428571	0.00758455	-2.49E-06
0.146428571	0.008116447	1.78E-05
0.146428571	0.00860772	2.86E-05
0.146428571	0.009053711	3.06E-05
0.146428571	0.009450033	2.46E-05
0.146428571	0.009792679	1.19E-05
0.146428571	0.01007808	-6.00E-06
0.146428571	0.010301859	-2.70E-05
0.146428571	0.010461026	-4.64E-05
0.146428571	0.010556204	-5.97E-05
0.146428571	0.010587871	-6.47E-05
0.159071429	0.009335915	-0.0001641
0.159071429	0.009308967	-0.000156468
0.159071429	0.009232444	-0.000132094
0.159071429	0.009113354	-9.19E-05
0.159071429	0.008957114	-3.94E-05
0.159071429	0.008766737	2.04E-05
0.159071429	0.008542348	8.30E-05
0.159071429	0.008282365	0.000146868
0.159071429	0.007987522	0.000212891
0.159071429	0.007660607	0.000280992
0.159071429	0.007304257	0.000350314
0.159071429	0.00692128	0.000419971
0.159071429	0.00651462	0.00048887
0.159071429	0.006087352	0.000555819
0.159071429	0.005642671	0.000619306
0.159071429	0.005183943	0.000677428
0.159071429	0.004712862	0.00072751
0.159071429	0.004230608	0.000768712
0.159071429	0.003740112	0.000800697
0.159071429	0.003243269	0.000822596
0.159071429	0.002742085	0.000834565
0.159071429	0.002239563	0.000836202
0.159071429	0.001737954	0.000827274
0.159071429	0.001239906	0.000808225
0.159071429	0.000748024	0.000778744
0.159071429	0.000264527	0.000739168
0.159071429	-0.000207829	0.000690004
0.159071429	-0.000666659	0.000631599
0.159071429	-0.001109635	0.000564576
0.159071429	-0.001534237	0.000489429
0.159071429	-0.001938333	0.000406757
0.159071429	-0.002319747	0.000317425
0.159071429	-0.002676482	0.000221983
0.159071429	-0.003006895	0.000121278
0.159071429	-0.003309056	1.63E-05
0.159071429	-0.003581651	-9.22E-05
0.159071429	-0.003823451	-0.000202896
0.159071429	-0.00403301	-0.000315486
0.159071429	-0.004210253	-0.000429049
0.159071429	-0.004354822	-0.000541297
0.159071429	-0.004466158	-0.000651947
0.159071429	-0.004545881	-0.000759358
0.159071429	-0.00459305	-0.000859222
0.159071429	-0.004608403	-0.000950588
0.159071429	-0.004596046	-0.001028488
0.159071429	-0.004546312	-0.001080448
0.159071429	-0.004448829	-0.001111231
0.159071429	-0.004306477	-0.001130613
0.159071429	-0.004121256	-0.001135912
0.159071429	-0.003892089	-0.00112691
0.159071429	-0.003618523	-0.001105864
0.159071429	-0.003301757	-0.0010748
0.159071429	-0.00294415	-0.001035784
0.159071429	-0.002548329	-0.000990323
0.159071429	-0.002117142	-0.000939491
0.159071429	-0.001653723	-0.000884502
0.159071429	-0.001161418	-0.00082629
0.159071429	-0.000643836	-0.000765844
0.159071429	-0.000104754	-0.0007039
0.159071429	0.000451908	-0.00064113
0.159071429	0.001021949	-0.000577956
0.159071429	0.001601533	-0.000514067
0.159071429	0.00218739	-0.000449077
0.159071429	0.002777397	-0.000383989
0.159071429	0.003369335	-0.000320622
0.159071429	0.003959004	-0.000262086
0.159071429	0.004540654	-0.000210348
0.159071429	0.005108989	-0.00016571
0.159071429	0.005659431	-0.00012866
0.159071429	0.006187336	-9.96E-05
0.159071429	0.006688154	-7.89E-05
0.159071429	0.007157394	-6.64E-05
0.159071429	0.007590716	-6.18E-05
0.159071429	0.007984017	-6.46E-05
0.159071429	0.00833344	-7.39E-05
0.159071429	0.008635463	-8.85E-05
0.159071429	0.008886952	-0.000107195
0.159071429	0.009084072	-0.000127997
0.159071429	0.009224232	-0.000146722
0.159071429	0.009308028	-0.000159362
0.159071429	0.009335902	-0.000164101
0.171714286	0.007914921	-0.000217128
0.171714286	0.007892134	-0.000210432
0.171714286	0.007827451	-0.000189124
0.171714286	0.007726805	-0.000154063
0.171714286	0.007594761	-0.000108243
0.171714286	0.007433833	-5.59E-05
0.171714286	0.007244087	-9.73E-07
0.171714286	0.007024171	5.54E-05
0.171714286	0.006774713	0.0001138
0.171714286	0.006498078	0.000174276
0.171714286	0.006196494	0.000236034
0.171714286	0.005872335	0.000298297
0.171714286	0.005528087	0.000360117
0.171714286	0.005166349	0.000420454
0.171714286	0.004789816	0.000478002
0.171714286	0.004401328	0.000531117
0.171714286	0.004002298	0.000577519
0.171714286	0.003593721	0.000616484
0.171714286	0.003178076	0.000647702
0.171714286	0.002756967	0.000670421
0.171714286	0.002332093	0.000684756
0.171714286	0.001905998	0.000690342
0.171714286	0.00148059	0.000686961
0.171714286	0.001058116	0.000674969
0.171714286	0.000640784	0.00065408
0.171714286	0.000230477	0.00062456
0.171714286	-0.000170463	0.000586817
0.171714286	-0.000560011	0.000541126
0.171714286	-0.000936187	0.000487995
0.171714286	-0.001296852	0.000427822
0.171714286	-0.001640191	0.000361096
0.171714286	-0.001964354	0.000288534
0.171714286	-0.002267641	0.000210584
0.171714286	-0.002548652	0.000127953
0.171714286	-0.002805743	4.15E-05
0.171714286	-0.003037793	-4.82E-05
0.171714286	-0.00324375	-0.000140107
0.171714286	-0.003422384	-0.000233826
0.171714286	-0.003573624	-0.00032864
0.171714286	-0.003697147	-0.000422612
0.171714286	-0.003792477	-0.000515507
0.171714286	-0.003860975	-0.000605919
0.171714286	-0.003901805	-0.000690203
0.171714286	-0.003915587	-0.000767548
0.171714286	-0.003905759	-0.000833705
0.171714286	-0.003864022	-0.00087818
0.171714286	-0.00378162	-0.000905096
0.171714286	-0.003661075	-0.00092272
0.171714286	-0.003504064	-0.00092876
0.171714286	-0.003309669	-0.000923042
0.171714286	-0.003077525	-0.000907481
0.171714286	-0.002808668	-0.000883786
0.171714286	-0.002505113	-0.00085369
0.171714286	-0.002169101	-0.000818448
0.171714286	-0.001803056	-0.000778947
0.171714286	-0.001409645	-0.000736191
0.171714286	-0.000991714	-0.000690943
0.171714286	-0.000552331	-0.000644012
0.171714286	-9.47E-05	-0.00059599
0.171714286	0.000377836	-0.000547414
0.171714286	0.000861724	-0.000498608
0.171714286	0.001353709	-0.000449275
0.171714286	0.001851023	-0.000399061
0.171714286	0.002351857	-0.000348798
0.171714286	0.002854314	-0.000300012
0.171714286	0.003354806	-0.000255302
0.171714286	0.003848443	-0.00021629
0.171714286	0.004330729	-0.000183187
0.171714286	0.004797781	-0.000156368
0.171714286	0.005245654	-0.000136175
0.171714286	0.005670491	-0.000122755
0.171714286	0.006068482	-0.000116063
0.171714286	0.006435952	-0.0001158
0.171714286	0.006769424	-0.000121467
0.171714286	0.007065636	-0.000132258
0.171714286	0.007321611	-0.000147165
0.171714286	0.007534702	-0.000165126
0.171714286	0.007701674	-0.000184412
0.171714286	0.007820365	-0.00020146
0.171714286	0.007891313	-0.000212878
0.171714286	0.007914909	-0.000217129
0.184357143	0.006051907	-0.000217815
0.184357143	0.006034523	-0.000212545
0.184357143	0.005985193	-0.000195826
0.184357143	0.005908448	-0.000168353
0.184357143	0.005807761	-0.000132447
0.184357143	0.005685025	-9.14E-05
0.184357143	0.005540267	-4.81E-05
0.184357143	0.005372443	-3.60E-06
0.184357143	0.005182041	4.27E-05
0.184357143	0.004970866	9.08E-05
0.184357143	0.004740618	0.00014
0.184357143	0.004493108	0.000189738
0.184357143	0.004230232	0.000239269
0.184357143	0.00395397	0.00028778
0.184357143	0.003666374	0.000334255
0.184357143	0.003369606	0.000377418
0.184357143	0.003064732	0.000415515
0.184357143	0.002752507	0.000447987
0.184357143	0.002434826	0.000474581
0.184357143	0.00211291	0.00049471
0.184357143	0.001788061	0.000508452
0.184357143	0.00146222	0.00051551
0.184357143	0.001136847	0.000515706
0.184357143	0.00081366	0.000509297
0.184357143	0.000494348	0.00049605
0.184357143	0.000180353	0.000476156
0.184357143	-0.000126533	0.000449912
0.184357143	-0.000424758	0.000417515
0.184357143	-0.000712804	0.00037934
0.184357143	-0.000989034	0.000335678
0.184357143	-0.001252056	0.000286891
0.184357143	-0.00150045	0.000233516
0.184357143	-0.001732913	0.000175883
0.184357143	-0.001948371	0.000114524
0.184357143	-0.002145559	5.01E-05
0.184357143	-0.002323618	-1.70E-05
0.184357143	-0.002481734	-8.59E-05
0.184357143	-0.002618966	-0.000156451
0.184357143	-0.002735254	-0.000227975
0.184357143	-0.002830339	-0.000299038
0.184357143	-0.002903855	-0.00036946
0.184357143	-0.002956834	-0.000438159
0.184357143	-0.002988612	-0.000502353
0.184357143	-0.002999658	-0.000561416
0.184357143	-0.002992574	-0.000612078
0.184357143	-0.002960944	-0.000646364
0.184357143	-0.002898099	-0.000667489
0.184357143	-0.002806022	-0.000681756
0.184357143	-0.002685979	-0.000687402
0.184357143	-0.002537268	-0.0006843
0.184357143	-0.002359624	-0.000673917
0.184357143	-0.002153847	-0.000657553
0.184357143	-0.001921491	-0.000636521
0.184357143	-0.001664279	-0.000611765
0.184357143	-0.001384069	-0.000583948
0.184357143	-0.00108291	-0.000553821
0.184357143	-0.000762981	-0.000521948
0.184357143	-0.000426634	-0.000488928
0.184357143	-7.63E-05	-0.000455193
0.184357143	0.000285389	-0.000421133
0.184357143	0.000655785	-0.00038697
0.184357143	0.001032378	-0.000352457
0.184357143	0.001413052	-0.000317305
0.184357143	0.001796418	-0.000282139
0.184357143	0.002181016	-0.000248113
0.184357143	0.002564084	-0.000217192
0.184357143	0.002941873	-0.000190583
0.184357143	0.003310941	-0.00016842
0.184357143	0.003668317	-0.000150963
0.184357143	0.004010982	-0.000138448
0.184357143	0.004335985	-0.000130962
0.184357143	0.004640413	-0.000128447
0.184357143	0.004921455	-0.000130649
0.184357143	0.005176457	-0.000137163
0.184357143	0.005402929	-0.000147353
0.184357143	0.005598601	-0.000160427
0.184357143	0.005761456	-0.000175558
0.184357143	0.00588903	-0.0001914
0.184357143	0.005979693	-0.000205214
0.184357143	0.00603388	-0.00021441
0.184357143	0.006051898	-0.000217816
0.197	0.002737705	-0.000119066
0.197	0.002729857	-0.000116622
0.197	0.002707592	-0.00010889
0.197	0.002672959	-9.62E-05
0.197	0.002627521	-7.96E-05
0.197	0.002572123	-6.06E-05
0.197	0.002506767	-4.05E-05
0.197	0.002430979	-1.98E-05
0.197	0.00234498	1.78E-06
0.197	0.002249588	2.42E-05
0.197	0.00214557	4.73E-05
0.197	0.002033742	7.06E-05
0.197	0.00191496	9.39E-05
0.197	0.001790118	0.000116821
0.197	0.00166014	0.000138825
0.197	0.001526001	0.000159361
0.197	0.001388177	0.000177633
0.197	0.001247007	0.000193384
0.197	0.001103349	0.000206494
0.197	0.000957753	0.000216693
0.197	0.000810807	0.000224012
0.197	0.000663391	0.00022831
0.197	0.000516162	0.000229501
0.197	0.000369901	0.000227696
0.197	0.00022537	0.000222784
0.197	8.32E-05	0.000214846
0.197	-5.57E-05	0.000204011
0.197	-0.000190785	0.000190362
0.197	-0.000321253	0.000174064
0.197	-0.000446393	0.000155243
0.197	-0.000565574	0.000134059
0.197	-0.000678151	0.000110748
0.197	-0.000783535	8.55E-05
0.197	-0.000881236	5.84E-05
0.197	-0.00097068	2.99E-05
0.197	-0.001051478	1.70E-07
0.197	-0.001123258	-3.05E-05
0.197	-0.001185593	-6.19E-05
0.197	-0.001238455	-9.39E-05
0.197	-0.001281721	-0.000125722
0.197	-0.001315225	-0.000157339
0.197	-0.00133943	-0.000188245
0.197	-0.001354027	-0.000217184
0.197	-0.001359225	-0.000243873
0.197	-0.001356192	-0.000266821
0.197	-0.001341996	-0.000282442
0.197	-0.00131363	-0.000292214
0.197	-0.001272014	-0.000298982
0.197	-0.001217715	-0.000301943
0.197	-0.001150414	-0.000301043
0.197	-0.001069996	-0.000296947
0.197	-0.000976828	-0.00029024
0.197	-0.000871618	-0.00028151
0.197	-0.000755147	-0.00027118
0.197	-0.00062826	-0.000259543
0.197	-0.000491885	-0.00024693
0.197	-0.000347012	-0.000233592
0.197	-0.000194705	-0.000219791
0.197	-3.61E-05	-0.000205713
0.197	0.000127709	-0.000191526
0.197	0.000295427	-0.000177323
0.197	0.000465949	-0.000162982
0.197	0.000638321	-0.000148366
0.197	0.00081191	-0.000133753
0.197	0.000986053	-0.00011966
0.197	0.001159494	-0.000106966
0.197	0.00133053	-9.62E-05
0.197	0.001497606	-8.74E-05
0.197	0.001659375	-8.07E-05
0.197	0.001814471	-7.62E-05
0.197	0.001961558	-7.40E-05
0.197	0.002099318	-7.38E-05
0.197	0.00222648	-7.58E-05
0.197	0.002341844	-7.96E-05
0.197	0.002444287	-8.50E-05
0.197	0.002532783	-9.16E-05
0.197	0.002606422	-9.90E-05
0.197	0.002664094	-0.000106561
0.197	0.002705072	-0.000113119
0.197	0.00272956	-0.000117464
0.197	0.002737701	-0.000119066
0.197832214	0.002236087	6.90E-05
0.197834415	0.002229731	6.88E-05
0.197841314	0.00221172	6.82E-05
0.19785259	0.002183719	6.74E-05
0.197867331	0.002146982	6.62E-05
0.197884305	0.00210216	6.49E-05
0.197902402	0.002049222	6.32E-05
0.197921298	0.001987768	6.13E-05
0.197941191	0.001917985	5.92E-05
0.197962023	0.001840541	5.68E-05
0.197983554	0.001756058	5.42E-05
0.19800553	0.001665194	5.14E-05
0.198027651	0.001568642	4.84E-05
0.198049588	0.001467123	4.53E-05
0.198070933	0.00136138	4.20E-05
0.198091185	0.001252197	3.86E-05
0.198109679	0.001139941	3.52E-05
0.198126195	0.001024884	3.16E-05
0.198140615	0.000907724	2.80E-05
0.198152702	0.000788904	2.43E-05
0.198162468	0.000668907	2.06E-05
0.198169773	0.000548446	1.69E-05
0.198174531	0.00042806	1.32E-05
0.198176813	0.000308388	9.51E-06
0.198176508	0.000190051	5.86E-06
0.198173666	7.36E-05	2.27E-06
0.19816837	-4.03E-05	-1.24E-06
0.198160672	-0.000151152	-4.66E-06
0.198150689	-0.000258279	-7.97E-06
0.198138504	-0.000361114	-1.11E-05
0.198124232	-0.000459135	-1.42E-05
0.198108051	-0.000551809	-1.70E-05
0.198090064	-0.000638651	-1.97E-05
0.198070453	-0.000719254	-2.22E-05
0.19804943	-0.000793142	-2.45E-05
0.198027161	-0.00085999	-2.65E-05
0.198003926	-0.000919486	-2.84E-05
0.197979802	-0.000971277	-3.00E-05
0.197955	-0.001015334	-3.13E-05
0.197930063	-0.001051538	-3.24E-05
0.197905053	-0.001079753	-3.33E-05
0.197880385	-0.001100344	-3.39E-05
0.19785708	-0.001113026	-3.43E-05
0.197835375	-0.001117963	-3.45E-05
0.197816519	-0.001116071	-3.44E-05
0.197803371	-0.001104862	-3.41E-05
0.197794646	-0.001081913	-3.34E-05
0.197788039	-0.00104805	-3.23E-05
0.19778422	-0.001003715	-3.10E-05
0.197783227	-0.000948647	-2.93E-05
0.197784512	-0.000882768	-2.72E-05
0.197787606	-0.000806395	-2.49E-05
0.197792046	-0.00072012	-2.22E-05
0.197797505	-0.000624594	-1.93E-05
0.197803767	-0.000520515	-1.61E-05
0.197810583	-0.000408652	-1.26E-05
0.197817774	-0.000289818	-8.94E-06
0.197825153	-0.000164894	-5.09E-06
0.197832596	-3.48E-05	-1.07E-06
0.197839996	9.95E-05	3.07E-06
0.197847308	0.000237072	7.31E-06
0.19785466	0.000376909	1.16E-05
0.19786219	0.000518266	1.60E-05
0.197869687	0.000660618	2.04E-05
0.197876744	0.000803411	2.48E-05
0.197882674	0.000945592	2.92E-05
0.197887083	0.001085758	3.35E-05
0.197889972	0.001222633	3.77E-05
0.197891288	0.001355115	4.18E-05
0.197890986	0.001482082	4.57E-05
0.197889076	0.001602442	4.94E-05
0.197885623	0.001715117	5.29E-05
0.197880761	0.001819072	5.61E-05
0.197874677	0.001913329	5.90E-05
0.197867643	0.001996978	6.16E-05
0.197859986	0.002069189	6.38E-05
0.197852039	0.002129228	6.57E-05
0.197844338	0.002176203	6.71E-05
0.197837918	0.00220955	6.82E-05
0.197833734	0.002229466	6.88E-05
0.197832214	0.002236084	6.90E-05
0.19852967	0.001697413	0.002188649
0.198531467	0.001692224	0.002188489
0.1985371	0.001677517	0.002188035
0.198546307	0.001654655	0.00218733
0.198558343	0.001624659	0.002186404
0.198572202	0.001588062	0.002185275
0.198586978	0.001544838	0.002183942
0.198602407	0.001494661	0.002182393
0.198618649	0.001437684	0.002180635
0.198635659	0.001374451	0.002178685
0.198653238	0.001305471	0.002176556
0.198671182	0.001231281	0.002174267
0.198689244	0.001152447	0.002171835
0.198707155	0.001069556	0.002169278
0.198724584	0.000983218	0.002166614
0.198741119	0.00089407	0.002163863
0.198756219	0.000802413	0.002161035
0.198769705	0.00070847	0.002158137
0.198781478	0.000612809	0.002155186
0.198791348	0.000515793	0.002152192
0.198799321	0.000417816	0.002149169
0.198805286	0.00031946	0.002146135
0.198809171	0.000221165	0.002143102
0.198811034	0.000123453	0.002140087
0.198810785	2.68E-05	0.002137106
0.198808464	-6.83E-05	0.002134172
0.19880414	-0.000161283	0.002131302
0.198797855	-0.000251759	0.002128511
0.198789704	-0.000339229	0.002125812
0.198779755	-0.000423192	0.002123222
0.198768102	-0.000503226	0.002120752
0.19875489	-0.000578895	0.002118418
0.198740204	-0.000649801	0.00211623
0.198724192	-0.000715613	0.0021142
0.198707026	-0.000775942	0.002112338
0.198688844	-0.000830523	0.002110654
0.198669872	-0.000879101	0.002109156
0.198650175	-0.000921389	0.002107851
0.198629924	-0.000957361	0.002106741
0.198609564	-0.000986922	0.002105829
0.198589143	-0.001009959	0.002105118
0.198569002	-0.001026771	0.002104599
0.198549973	-0.001037126	0.00210428
0.198532251	-0.001041157	0.002104156
0.198516855	-0.001039613	0.002104203
0.19850612	-0.00103046	0.002104486
0.198498996	-0.001011723	0.002105064
0.198493601	-0.000984073	0.002105917
0.198490483	-0.000947874	0.002107034
0.198489672	-0.000902911	0.002108421
0.198490721	-0.000849122	0.00211008
0.198493248	-0.000786763	0.002112004
0.198496873	-0.00071632	0.002114178
0.19850133	-0.000638323	0.002116584
0.198506443	-0.000553343	0.002119206
0.198512008	-0.000462007	0.002122024
0.19851788	-0.00036498	0.002125018
0.198523905	-0.000262979	0.002128165
0.198529982	-0.000156753	0.002131442
0.198536024	-4.71E-05	0.002134826
0.198541994	6.52E-05	0.002138291
0.198547997	0.000179401	0.002141814
0.198554146	0.000294818	0.002145375
0.198560267	0.000411048	0.002148961
0.198566029	0.000527638	0.002152558
0.19857087	0.000643728	0.00215614
0.19857447	0.000758173	0.00215967
0.19857683	0.000869932	0.002163119
0.198577904	0.000978102	0.002166456
0.198577657	0.001081771	0.002169654
0.198576098	0.001180044	0.002172686
0.198573279	0.001272043	0.002175525
0.198569308	0.001356921	0.002178144
0.198564341	0.001433883	0.002180518
0.198558598	0.001502181	0.002182625
0.198552345	0.001561142	0.002184445
0.198545857	0.001610163	0.002185957
0.198539569	0.001648518	0.00218714
0.198534328	0.001675745	0.00218798
0.198530911	0.001692007	0.002188482
0.19852967	0.001697411	0.002188649
0.199236462	0.001127678	0.004304469
0.199237733	0.001124008	0.004304356
0.199241716	0.001113609	0.004304035
0.199248226	0.001097443	0.004303536
0.199256737	0.001076233	0.004302882
0.199266537	0.001050355	0.004302083
0.199276985	0.001019791	0.00430114
0.199287895	0.000984311	0.004300046
0.19929938	0.000944022	0.004298803
0.199311407	0.00089931	0.004297423
0.199323838	0.000850533	0.004295918
0.199336526	0.000798073	0.0042943
0.199349298	0.000742328	0.00429258
0.199361963	0.000683716	0.004290771
0.199374287	0.000622666	0.004288888
0.199385979	0.000559629	0.004286943
0.199396656	0.000494817	0.004284943
0.199406192	0.000428389	0.004282894
0.199414517	0.000360747	0.004280807
0.199421496	0.000292146	0.00427869
0.199427134	0.000222866	0.004276553
0.199431352	0.000153318	0.004274407
0.199434099	8.38E-05	0.004272262
0.199435417	1.47E-05	0.004270131
0.19943524	-5.36E-05	0.004268023
0.199433599	-0.000120843	0.004265948
0.199430542	-0.000186619	0.004263919
0.199426097	-0.000250595	0.004261945
0.199420334	-0.000312445	0.004260037
0.199413299	-0.000371817	0.004258205
0.199405059	-0.000428409	0.004256459
0.199395717	-0.000481915	0.004254808
0.199385332	-0.000532053	0.004253261
0.19937401	-0.000578589	0.004251825
0.199361872	-0.000621249	0.004250509
0.199349015	-0.000659843	0.004249318
0.1993356	-0.000694193	0.004248259
0.199321672	-0.000724095	0.004247336
0.199307352	-0.000749531	0.004246551
0.199292955	-0.000770433	0.004245906
0.199278516	-0.000786723	0.004245404
0.199264274	-0.000798611	0.004245037
0.199250818	-0.000805933	0.004244811
0.199238287	-0.000808784	0.004244723
0.1992274	-0.000807692	0.004244757
0.19921981	-0.00080122	0.004244956
0.199214772	-0.00078797	0.004245365
0.199210958	-0.000768419	0.004245968
0.199208753	-0.000742823	0.004246758
0.199208179	-0.000711029	0.004247739
0.199208921	-0.000672994	0.004248913
0.199210708	-0.0006289	0.004250273
0.199213271	-0.000579089	0.00425181
0.199216423	-0.000523937	0.004253511
0.199220038	-0.000463847	0.004255365
0.199223973	-0.000399263	0.004257358
0.199228125	-0.000330654	0.004259475
0.199232385	-0.000258529	0.0042617
0.199236683	-0.000183416	0.004264018
0.199240955	-0.000105862	0.00426641
0.199245176	-2.65E-05	0.00426886
0.199249421	5.43E-05	0.004271351
0.199253769	0.000135893	0.004273869
0.199258097	0.000218081	0.004276405
0.199262172	0.000300522	0.004278949
0.199265595	0.00038261	0.004281481
0.199268141	0.000463535	0.004283978
0.199269809	0.00054256	0.004286416
0.199270568	0.000619048	0.004288776
0.199270394	0.000692353	0.004291038
0.199269292	0.000761843	0.004293182
0.199267298	0.000826896	0.004295189
0.199264491	0.000886914	0.004297041
0.199260978	0.000941334	0.00429872
0.199256917	0.000989628	0.00430021
0.199252496	0.001031319	0.004301496
0.199247908	0.001065983	0.004302565
0.199243462	0.001093104	0.004303402
0.199239755	0.001112356	0.004303996
0.199237339	0.001123855	0.004304351
0.199236462	0.001127676	0.004304469
0.2	0.000369149	0.006396956
0.2	0.000369149	0.006396956
0.2	0.000369149	0.006396956
0.2	0.000369149	0.006396956
0.2	0.000369149	0.006396956
0.2	0.000369149	0.006396956
0.2	0.000369149	0.006396956
0.2	0.000369149	0.006396956
0.2	0.000369149	0.006396956
0.2	0.000369149	0.006396956
0.2	0.000369149	0.006396956
0.2	0.000369149	0.006396956
0.2	0.000369149	0.006396956
0.2	0.000369149	0.006396956
0.2	0.000369149	0.006396956
0.2	0.000369149	0.006396956
0.2	0.000369149	0.006396956
0.2	0.000369149	0.006396956
0.2	0.000369149	0.006396956
0.2	0.000369149	0.006396956
0.2	0.000369149	0.006396956
0.2	0.000369149	0.006396956
0.2	0.000369149	0.006396956
0.2	0.000369149	0.006396956
0.2	0.000369149	0.006396956
0.2	0.000369149	0.006396956
0.2	0.000369149	0.006396956
0.2	0.000369149	0.006396956
0.2	0.000369149	0.006396956
0.2	0.000369149	0.006396956
0.2	0.000369149	0.006396956
0.2	0.000369149	0.006396956
0.2	0.000369149	0.006396956
0.2	0.000369149	0.006396956
0.2	0.000369149	0.006396956
0.2	0.000369149	0.006396956
0.2	0.000369149	0.006396956
0.2	0.000369149	0.006396956
0.2	0.000369149	0.006396956
0.2	0.000369149	0.006396956
0.2	0.000369149	0.006396956
0.2	0.000369149	0.006396956
0.2	0.000369149	0.006396956
0.2	0.000369149	0.006396956
0.2	0.000369149	0.006396956
0.2	0.000369149	0.006396956
0.2	0.000369149	0.006396956
0.2	0.000369149	0.006396956
0.2	0.000369149	0.006396956
0.2	0.000369149	0.006396956
0.2	0.000369149	0.006396956
0.2	0.000369149	0.006396956
0.2	0.000369149	0.006396956
0.2	0.000369149	0.006396956
0.2	0.000369149	0.006396956
0.2	0.000369149	0.006396956
0.2	0.000369149	0.006396956
0.2	0.000369149	0.006396956
0.2	0.000369149	0.006396956
0.2	0.000369149	0.006396956
0.2	0.000369149	0.006396956
0.2	0.000369149	0.006396956
0.2	0.000369149	0.006396956
0.2	0.000369149	0.006396956
0.2	0.000369149	0.006396956
0.2	0.000369149	0.006396956
0.2	0.000369149	0.006396956
0.2	0.000369149	0.006396956
0.2	0.000369149	0.006396956
0.2	0.000369149	0.006396956
0.2	0.000369149	0.006396956
0.2	0.000369149	0.006396956
0.2	0.000369149	0.006396956
0.2	0.000369149	0.006396956
0.2	0.000369149	0.006396956
0.2	0.000369149	0.006396956
0.2	0.000369149	0.006396956
0.2	0.000369149	0.006396956
0.2	0.000369149	0.006396956
0.2	0.000369149	0.006396956
0.2	0.000369149	0.006396956